BL
EJECUCIONES		EPOCAS BL	VECINOS		LENGUAJE
30 					50 		64	 			CUDA
30 					50 		128 			CUDA
30 				   100 		64	 			CUDA
30 				   100 		128				CUDA
--------------------------------------------------------------
30 					50 		64	 			OMP
30 					50 		128 			OMP
30 				   100 		64	 			OMP
30 				   100 		128				OMP
--------------------------------------------------------------
30 					50 		64	 			Python
30 					50 		128 			Python
30 				   100 		64	 			Python
30 				   100 		128				Python

EVO CON BL
EJECUCIONES		EPOCAS EVO	EPOCAS BL	VECINOS		TAM_POB		LENGUAJE
10 					50 		50	 			64		64				CUDA
10 					50 		50	 			64		128				CUDA
10 					50 		50	 			128		64				CUDA
10 					50 		50	 			128		128				CUDA

10 					50 		100	 			64		64				CUDA
10 					50 		100	 			64		128				CUDA
10 					50 		100	 			128		64				CUDA
10 					50 		100	 			128		128				CUDA

10 					100 	100	 			64		64				CUDA
10 					100		100	 			64		128				CUDA
10 					100 	100	 			128		64				CUDA
10 					100 	100	 			128		128				CUDA

10 					100 	50	 			64		64				CUDA
10 					100		50	 			64		128				CUDA
10 					100 	50	 			128		64				CUDA
10 					100 	50	 			128		128				CUDA
---------------------------------------------------------------------------
10 					50 		50	 			64		64				OMP
10 					50 		50	 			64		128				OMP
10 					50 		50	 			128		64				OMP
10 					50 		50	 			128		128				OMP

10 					50 		100	 			64		64				OMP
10 					50 		100	 			64		128				OMP
10 					50 		100	 			128		64				OMP
10 					50 		100	 			128		128				OMP

10 					100 	100	 			64		64				OMP
10 					100		100	 			64		128				OMP
10 					100 	100	 			128		64				OMP
10 					100 	100	 			128		128				OMP

10 					100 	50	 			64		64				OMP
10 					100		50	 			64		128				OMP
10 					100 	50	 			128		64				OMP
10 					100 	50	 			128		128				OMP
--------------------------------------------------------------------------
10 					50 		50	 			64		64				PYTHON
10 					50 		50	 			64		128				PYTHON
10 					50 		50	 			128		64				PYTHON
10 					50 		50	 			128		128				PYTHON

10 					50 		100	 			64		64				PYTHON
10 					50 		100	 			64		128				PYTHON
10 					50 		100	 			128		64				PYTHON
10 					50 		100	 			128		128				PYTHON

10 					100 	100	 			64		64				PYTHON
10 					100		100	 			64		128				PYTHON
10 					100 	100	 			128		64				PYTHON
10 					100 	100	 			128		128				PYTHON

10 					100 	50	 			64		64				PYTHON
10 					100		50	 			64		128				PYTHON
10 					100 	50	 			128		64				PYTHON
10 					100 	50	 			128		128				PYTHON



GENMAGIC

EJECUCIONES		EPOCAS BL	VECINOS		LENGUAJE
30 					50 		64	 			CUDA
30 					50 		128 			CUDA
30 				   100 		64	 			CUDA
30 				   100 		128				CUDA
--------------------------------------------------------------
30 					50 		64	 			Python
30 					50 		128 			Python
30 				   100 		64	 			Python
30 				   100 		128				Python
--------------------------------------------------------------
30 					50 		64	 			OMP
30 					50 		128 			OMP
30 				   100 		64	 			OMP
30 				   100 		128				OMP
